33  \w95  \w83  \w3  \w75  \w20  \w30  \w1  \w84  \w58  \w66  \w62  \w76  \w39  \w27  
72  
52  
48  
69  
74  
80  
62  
97  
60  
82  
12  
88  
10  
7  
44  
93  
61  
79  
19  
60  
75  
69  
62  
15  
18  
65  
56  
72  
1  
50  
53  
84  
34  
96  
6  
79  
68  
20  
26  
82  
74  
67  
89  
45  
73  
50  
15  
100  
29  
18  
40  
64  
68  
17  
99  
9  
96  
100  
6  
4  
46  
57  
7  
11  
28  
32  
49  
10  
2  
17  
2  
11  
41  
87  
68  
70  
19  
16  
67  
65  
43  
3  
86  
96  
61  
87  
21  
6  
28  
86  
46  
23  
48  
36  
31  
80  
11  
7  
80  
3  
19  
26  
58  
70  
97  
62  
88  
29  
16  
79  
48  
